0    1.1157632241684154       0

1    0.0604366293559935       -0.29451493649730154

2    0.0034647787241387485    -0.12894933825372995

3    0.0003733621739309256    -0.08512770613995095

4    -0.0009775197423580067   -0.06131220453347436

5    -0.0010497359117106338   -0.04869021197332256

6    -0.0011119123350128482   -0.0397655312718702

7    -0.001022303910501002    -0.033893589085841794

8    -0.0009651011252634172   -0.029284752898143834

9    -0.0008805728770457457   -0.025914062742435445

10   -0.0008184040468743394   -0.023115562573741644
11   -0.0007519314399754371    -0.020935984103150278

12   -0.0006996532313701703    -0.019061747715178233

13   -0.0006482299216669819    -0.017539777586139973

14   -0.000606050541277773     -0.01619921796360226

15   -0.0005657830369805521    -0.015077739239938317

16   -0.0005317718042544598    -0.014072540454805672

17   -0.0004996778831104845    -0.013212663408875018

18   -0.00047197551964394985   -0.012431655010615494

19   -0.0004459423780498023    -0.011751883767818648

20   -0.0004230917796156491    -0.011127999702700375
21   -0.0004016332617759372    -0.010577412065193222

22   -0.00038254513528212576   -0.010067832752465571

23   -0.0003646033991031007    -0.009612996647162718

24   -0.0003484690938565236    -0.009189120095643233

25   -0.00033327804627439816   -0.008807191141069159

26   -0.0003194933367318702    -0.00844919517806219

27   -0.00030648797294199485   -0.008124040109122795

28   -0.0002945962407097179    -0.007817759815662411

29   -0.00028335248595019047   -0.007537664927576016

30   -0.0002730042130346648    -0.00727271254096821
31   -0.00026319853074539953   -0.00702896995946791

32   -0.0002541227053577182    -0.006797556879869977

33   -0.0002455045379429927    -0.006583560226039865

34   -0.000237488398712976     -0.006379733442227961

35   -0.00022986103817391053   -0.006190381072021956

36   -0.00022273559393826494   -0.006009513492981859

37   -0.00021594267660156387   -0.00584080391930161

38   -0.00020957223623726843   -0.005679245374060464

39   -0.00020348805239754706   -0.0055279964058289575

40   -0.00019776256156375362   -0.005382829225064006
41   -0.00019228499584548168   -0.005246478864911598

42   -0.00018711435945492478   -0.0051153432549519194

43   -0.0001821596743203899    -0.004991805897867585

44   -0.00017746950022034096   -0.004872772934413201

45   -0.00017296843037309747   -0.004760333755898108

46   -0.00016869680227993      -0.00465181152004945

47   -0.00016459159466997945   -0.004549047733248957

48   -0.0001606865992116883    -0.004449710929752613

49   -0.00015692874419484244   -0.0043554322678373125

50   -0.0001533465566879044    -0.0042641687524584485
51   -0.0001498950306215193    -0.004177371918970054

52   -0.0001465984192817317    -0.004093241582352008

53   -0.00014341830994211055   -0.004013074992393017

54   -0.00014037545666139217   -0.00393527779576104

55   -0.00013743687829577148   -0.00386101399637437

56   -0.00013462044121744236   -0.0037888648697007783

57   -0.000131897670939351     -0.0037198787582687506

58   -0.00012928403341804466   -0.0036527877029913325

59   -0.00012675481833392246   -0.003588539170985534

60   -0.00012432348278759633   -0.0035259953515324083
61   -0.0001219684799905563    -0.0034660153399488167

62   -0.00011970157531557922   -0.0034075742621835392

63   -0.00011750389611932457   -0.003351453471774252

64   -0.00011538577477776395   -0.0032967265720591625

65   -0.0001133306113736943    -0.003244106257351778

66   -0.00011134751781519201   -0.0031927523900234863

67   -0.00010942183557056855   -0.0031433168022058835

68   -0.00010756163177443699   -0.00309503523386985

69   -0.0001057539141693835    -0.0030485053782809035

70   -0.00010400585122868216   -0.0030030299869518075
71   -0.00010230588727368889   -0.002959158436138737

72   -0.00010066041431358104   -0.0029162528804370807

73   -0.00009905912046767508   -0.002874819440434682

74   -0.00009750772401166457   -0.0028342731148903056

75   -0.00009599699426790448   -0.0027950811854881756

76   -0.00009453206258032603   -0.00275670581678384

77   -0.00009310464169028403   -0.002719579319618658

78   -0.00009171934969414633   -0.00268320608843993

79   -0.00009036872548503563   -0.0026479868622733493

80   -0.00008905693673968935   -0.002613463958530881
81   -0.00008777724827484946   -0.0025800095409388483

82   -0.00008653343114208023   -0.0025472000781735895

83   -0.00008531939007893233   -0.002515381808446019

84   -0.00008413854575735225   -0.00248416203737149

85   -0.00008298536875644737   -0.002453863427685156

86   -0.00008186296927600681   -0.002424121200030424

87   -0.00008076631969972914   -0.00239523653169159

88   -0.00007969825431735492   -0.0023668699743987797

89   -0.0000786541917712491    -0.002339303083723825

90   -0.00007763672047294443   -0.002312219450675346
91    -0.0000766416569863354    -0.0022858826753036983

92    -0.00007567137002987052   -0.0022599973494760767

93    -0.00007472203189020496   -0.0022348106109400514

94    -0.00007379581449333039   -0.0022100462345057974

95    -0.00007288920890319861   -0.002185936236947053

96    -0.00007200421033850154   -0.002162221950600932

97    -0.0000711375961970247    -0.002139121478858661

98    -0.00007029120266324966   -0.002116392254713824

99    -0.00006946206490319375   -0.002094239557700407

100   -0.00006865187565195874   -0.002072435612603422
101   -0.00006785790262751895   -0.002051173860132239

102   -0.00006708170890034572   -0.002030240138326625

103   -0.00006632077242243746   -0.002009816941394077

104   -0.0000655765388204562    -0.0019897026571541374

105   -0.00006484667648016978   -0.0019700696431979455

106   -0.00006413252444628966   -0.0019507278754902736

107   -0.00006343192393219991   -0.0019318403114171646

108   -0.00006274611707552585   -0.0019132276438169236

109   -0.00006207310222585612   -0.0018950441006559064

110   -0.00006141403325099014   -0.0018771203007347831
111   -0.000060767051623268224   -0.0018596023546516723

112   -0.00006013323066835727    -0.001842330087887677

113   -0.000059510842436309674   -0.001825442053049696

114   -0.000058900886640303036   -0.001808786627001993

115   -0.00005830175466022052    -0.001792495316404132

116   -0.00005771437881921174    -0.0017764244514821034

117   -0.00005713725972083514    -0.001760698962384835

118   -0.0000565712678989538     -0.001745182586050857

119   -0.00005601500408253045    -0.0017299941071250236

120   -0.00005546928206733788    -0.001715004168775753
121   -0.000054932794501939264   -0.0017003258064384305

122   -0.00005440630300616678    -0.001685836110593123

123   -0.00005388858473631394    -0.001671642732343313

124   -0.00005338035326448655    -0.0016576287880553575

125   -0.00005288046354759691    -0.00164389688090261

126   -0.00005238958484942209    -0.001630335765588963

127   -0.00005190664384987946    -0.0016170433079067319

128   -0.000051432268901101464   -0.0016039135440075146

129   -0.00005096545288582443    -0.0015910398893480412

130   -0.000050506786333964014   -0.0015783213324343272
131   -0.00005005532331295563    -0.0015658471040279466

132   -0.00004961161934111246    -0.0015535208411320814

133   -0.00004917478510314177    -0.0015414278359382142

134   -0.00004874534367036582    -0.0015294760930397706

135   -0.00004832245817822626    -0.0015177471943598182

136   -0.00004790662159248411    -0.001506153252077022

137   -0.00004749704569561606    -0.001494772349850217

138   -0.00004709419548924664    -0.0014835204665016664

139   -0.00004669732792491107    -0.0014724723845092869

140   -0.000046306882000631934   -0.001461547725806241
141   -0.000045922156653149394   -0.0014508181550938095

142   -0.0000455435666751886     -0.001440206729806154

143   -0.00004517045006819781    -0.0014297821677166278

144   -0.00004480319907046123    -0.0014194707687277639

145   -0.0000444411880707017     -0.0014093384629957583

146   -0.00004408478826700759    -0.001399314613233156

147   -0.000043733407974301324   -0.0013894625106683992

148   -0.00004338739874777672    -0.0013797144134356655

149   -0.00004304620056289424    -0.0013701311127499896

150   -0.000042710146617483395   -0.0013606476060580523
151   -0.00004237870646143158    -0.0013513223144586918

152   -0.000042052196121745956   -0.001342092828983464

153   -0.000041730112799231      -0.0013330153221851667

154   -0.000041412756443767185   -0.001324029842515401

155   -0.00004109965013259238    -0.0013151904278613236

156   -0.00004079107875239422    -0.0013064394567486504

157   -0.00004048658961354429    -0.0012978289391598545

158   -0.00004018645347587942    -0.0012893034644946397

159   -0.00003989024036870706    -0.0012809131150042182

160   -0.000039598207790183656   -0.001272604579285273
161   -0.000039309947082175975   -0.0012644261059231935

162   -0.00003902570328705677    -0.00125632637799977

163   -0.000038745087756761326   -0.0012483518988342425

164   -0.00003846833382455704    -0.001240453247729022

165   -0.00003819507164457513    -0.0012326752658753267

166   -0.00003792552353228626    -0.0012249703365083337

167   -0.00003765933732406612    -0.0012173817169392079

168   -0.000037396724961597677   -0.0012098635075978939

169   -0.00003713735092029303    -0.0012024574556122425

170   -0.00003688141736929561    -0.0011951192970181647
171   -0.00003662860445238103    -0.0011878893382239483

172   -0.00003637910512429091    -0.0011807248740710841

173   -0.00003613261429543154    -0.0011736648357635368

174   -0.00003588931622599641    -0.0011666680046040258

175   -0.00003564891975139787    -0.0011597719984270973

176   -0.0000354116009240636     -0.001152937016801132

177   -0.00003517708171991282    -0.0011461994225895852

178   -0.00003494553043566465    -0.0011395207692967279

179   -0.000034716681457243754   -0.001132936220006071

180   -0.000034490695748675886   -0.0011264086214343694
181   -0.00003426731942228284    -0.0011199719890737558

182   -0.00003404670650546784    -0.0011135904054981269

183   -0.000033828614197003656   -0.0011072967879921353

184   -0.00003361318996046969    -0.0011010564007742666

185   -0.00003340020148174353    -0.0010949011096773322

186   -0.00003318979000646947    -0.0010887973092949025

187   -0.000032981733151820295   -0.001082775858302931

188   -0.000032776166267992524   -0.0010768042331460584

189   -0.0000325728763783562     -0.0010709123273339863

190   -0.00003237199324546374    -0.0010650686532182178
191   -0.00003217331280708968    -0.001059302178962756

192   -0.000031976959522725563   -0.0010535824092971103

193   -0.000031782737784762566   -0.0010479374248248557

194   -0.000031590767018511735   -0.001042337681387454

195   -0.00003140085963636651    -0.0010368104079143544

196   -0.00003121313028534866    -0.001031326972207435

197   -0.00003102739898952837    -0.0010259137856086567

198   -0.00003084377585496013    -0.0010205430907312496

199   -0.00003066208813895738    -0.0010152405137279668

200   -0.00003048244162414191    -0.00100997913674188
201   -0.000030304670444019373   -0.001004783831547627

202   -0.000030128876271130818   -0.0009996284863006133

203   -0.000029954899775021676   -0.0009945372477102193

204   -0.000029782838715657523   -0.0009894847780828656

205   -0.000029612539980349084   -0.0009844945269656383

206   -0.000029444097605000587   -0.000979541900512581

207   -0.000029277364393527567   -0.0009746496776841409

208   -0.000029112430833805303   -0.0009697939796469427

209   -0.0000289491553647684     -0.0009649969400957123

210   -0.000028787625090751287   -0.0009602353677576911
211   -0.00002862770381991541    -0.0009555307751999407

212   -0.000028469475431051964   -0.0009508606325644322

213   -0.000028312808848484107   -0.0009462458543087857

214   -0.000028157784874060508   -0.0009416645470753632

215   -0.000028004277310698278   -0.0009371370491754723

216   -0.00002785236402358984    -0.0009326420799982325

217   -0.000027701923469927587   -0.000928199422673663

218   -0.000027553030710356362   -0.0009237883866818277

219   -0.000027405568643988162   -0.0009194282199912694

220   -0.00002725960965163902    -0.0009150988005563802
221   -0.00002711504087547922    -0.0009108188603087598

222   -0.000026971932135268962   -0.0009065688250399447

223   -0.000026830174623628514   -0.0009023669289232063

224   -0.000026689835713645816   -0.0008981941258802664

225   -0.00002655081046838366    -0.0008940681698018608

226   -0.000026413163920625398   -0.0008899705239090222

227   -0.000026276794833262095   -0.0008859184785282546

228   -0.00002614176599966801    -0.00088189398817963

229   -0.00002600797972266439    -0.0008779138956211143

230   -0.000025875496650216537   -0.0008739606294632322
231   -0.00002574422247262116    -0.0008700506002062564

232   -0.000025614215783555198   -0.0008661666940871349

233   -0.000025485385514763827   -0.000862324904011847

234   -0.000025357788293380693   -0.000858508558089358

235   -0.000025231336154058974   -0.000854733245677714

236   -0.000025106083838909502   -0.0008509827216741825

237   -0.00002498194635508851    -0.0008472721853507478

238   -0.00002485897663803774    -0.0008435858039488733

239   -0.00002473709254260761    -0.0008399383995572714

240   -0.000024616345271351633   -0.0008363145379238852
241   -0.000024496655409773854   -0.0008327286763298468

242   -0.000024378072497012323   -0.0008291657657659103

243   -0.000024260519737431103   -0.000825639910577817

244   -0.00002414404507450896    -0.0008221364342843421

245   -0.000024028574222783358   -0.0008186690996874706

246   -0.000023914153595213837   -0.000815223590638678

247   -0.00002380071131456725    -0.0008118133393349186

248   -0.000023688292323987723   -0.0008084243782589558

249   -0.00002357682705866162    -0.0008050698195040518

250   -0.000023466359048760713   -0.0008017360329574724
251   -0.000023356820950134195   -0.0007984358206974825

252   -0.000023248254935028957   -0.0007951558792336496

253   -0.000023140595792116843   -0.000791908710324966

254   -0.00002303388438889055    -0.0007886813267497369

255   -0.000022928057562937257   -0.0007854859392666766

256   -0.000022823154926992603   -0.0007823098669759794

257   -0.000022719115287915838   -0.0007791650385962064

258   -0.000022615977051584115   -0.0007760390699911361

259   -0.00002251368091796368    -0.0007729436164568533

260   -0.000022412264132399988   -0.0007698665814328413
261   -0.00002231166921490015    -0.000766819355083765

262   -0.00002221193229347286    -0.0007637901195883218

263   -0.000022112997640103122   -0.0007607900079603005

264   -0.000022014900306335173   -0.0007578074726187891

265   -0.00002191758625004368    -0.0007548533971076864

266   -0.000021821089486529023   -0.0007519164959090738

267   -0.000021725357595744255   -0.0007490074104941816

268   -0.00002163042359537983    -0.000746115109537676

269   -0.000021536236627165763   -0.0007432499995628362

270   -0.0000214428287474951     -0.0007404012958595794
271   -0.000021350150601993032   -0.0007375791768683542

272   -0.000021258233320595743   -0.0007347730971972945

273   -0.000021167028998072792   -0.0007319930138194418

274   -0.00002107656787089673    -0.0007292286136322974

275   -0.00002098680343052613    -0.000726489638519321

276   -0.000020897765051443583   -0.0007237660008950088

277   -0.000020809407571616698   -0.0007210672337024291

278   -0.000020721759534411633   -0.0007183834683447209

279   -0.00002063477707525782    -0.0007157240347574839

280   -0.00002054848793606217    -0.0007130792770388453
281   -0.00002046284950349375    -0.0007104583278387512

282   -0.00002037788874636448    -0.0007078517378823908

283   -0.000020293564257993384   -0.0007052684480561864

284   -0.000020209902260397664   -0.000702699209858523

285   -0.00002012686251204673    -0.0007001527777429975

286   -0.000020044470513963054   -0.0006976200983327032

287   -0.000019962687147860008   -0.0006951097447953599

288   -0.00001988153721878727    -0.0006926128534279172

289   -0.000019800982694806754   -0.0006901378210824939

290   -0.000019721047707064092   -0.000687675968468585
291   -0.00001964169527179115    -0.0006852355209235599

292   -0.000019562948870232282   -0.0006828079784878956

293   -0.000019484772530682893   -0.0006804013996242852

294   -0.000019407189105763755   -0.0006780074587972067

295   -0.000019330163602262884   -0.0006756340520771585

296   -0.00001925371826536949    -0.0006732730236131529

297   -0.000019177819046292858   -0.0006709321114166736

298   -0.00001910248760313335    -0.0006686033247414522

299   -0.00001902769080050593    -0.0006662942477292231

300   -0.00001895344972841123    -0.0006639970503118543
301   -0.000018879732134116936   -0.0006617191668147387

302   -0.000018806558558479592   -0.0006594529235675081

303   -0.0000187338976027416     -0.0006572056089982225

304   -0.00001866176927559072    -0.0006549697016967491

305   -0.000018590143003733533   -0.0006527523479874375

306   -0.000018519038282042016   -0.0006505461747182372

307   -0.000018448425335647643   -0.0006483581897773388

308   -0.000018378323161354853   -0.0006461811644012024

309   -0.000018308702757419137   -0.0006440219715949199

310   -0.000018239582638065828   -0.000641873523236794
311   -0.000018170934549604384   -0.0006397425608875221

312   -0.000018102776540017802   -0.0006376221334422008

313   -0.000018035081078636314   -0.0006355188543479698

314   -0.000017967865761503628   -0.0006334259060074872

315   -0.000017901103759438186   -0.00063134977697923

316   -0.00001783481222971189    -0.0006292837797762924

317   -0.000017768965022507793   -0.0006272342811927163

318   -0.000017703578869901913   -0.0006251947205625633

319   -0.00001763862828015671    -0.0006231713459428456

320   -0.000017574129573995774   -0.0006211577203013291
321   -0.000017510057896311572   -0.0006191599758922235

322   -0.000017446429169027846   -0.0006171717962296908

323   -0.000017383219154621106   -0.0006151992006092375

324   -0.000017320443387694507   -0.0006132359901000617

325   -0.00001725807822904367    -0.0006112880737955855

326   -0.000017196138839267126   -0.0006093493674208741

327   -0.000017134602158193404   -0.0006074256725410693

328   -0.000017073482982812965   -0.000605511016726918

329   -0.000017012758815111114   -0.0006036110966077778

330   -0.00001695244409919244    -0.0006017200488753259
331   -0.000016892516882595763   -0.0005998434677384272

332   -0.000016832991266569402   -0.0005979755963677122

333   -0.000016773845828470422   -0.0005961219289913368

334   -0.000016715094336263846   -0.0005942768126959421

335   -0.000016656715880279377   -0.0005924456440977859

336   -0.00001659872390664986    -0.0005906228717134339

337   -0.00001654109800379919    -0.0005888137968448296

338   -0.00001648385130400132    -0.0005870129670267093

339   -0.000016426963878274703   -0.0005852255904776019

340   -0.000016370448555773722   -0.0005834463114091312
341   -0.00001631428587594564    -0.0005816802471240404

342   -0.000016258488373204008   -0.0005799221362371845

343   -0.000016203037042107277   -0.0005781770072401704

344   -0.000016147944129085143   -0.0005764396909445824

345   -0.00001609319107215226    -0.0005747151290731264

346   -0.00001603878983891046    -0.0005729982424943622

347   -0.000015984722295963595   -0.0005712938881456193

348   -0.00001593100014022013    -0.0005695970748734522

349   -0.00001587760565561349    -0.0005679125767571461

350   -0.000015824550276210008   -0.0005662354886000938
351   -0.000015771816690296657   -0.0005645705034994612

352   -0.000015719416076056553   -0.0005629128002522799

353   -0.000015667331515924393   -0.0005612669927936177

354   -0.00001561557393912127    -0.0005596283420080211

355   -0.000015564126810638974   -0.0005580013844395911

356   -0.000015513000818293457   -0.0005563814612060412

357   -0.000015462179797830035   -0.0005547730331806356

358   -0.000015411674203144158   -0.0005531715199154707

359   -0.000015361468230797617   -0.0005515813082861499

360   -0.000015311572105403832   -0.0005499978945264139
361   -0.000015261970375038158   -0.0005484255931427709

362   -0.000015212673043303242   -0.0005468599753493344

363   -0.000015163664999569364   -0.0005453052848660997

364   -0.000015114956028598756   -0.0005437571662307246

365   -0.000015066531354025462   -0.0005422197939165933

366   -0.000015018400550319586   -0.0005406888841773741

367   -0.000014970549163543803   -0.0005391685437373628

368   -0.000014922986563211562   -0.0005376545589990819

369   -0.00001487569861033451    -0.0005361509703964776

370   -0.000014828694475009442   -0.0005346536329574541
371   -0.000014781960323243013   -0.0005331665222454573

372   -0.000014735505131372537   -0.000531685560430767

373   -0.00001468931536367099    -0.0005302146595861395

374   -0.000014643399806724372   -0.0005287498075842859

375   -0.00001459774521486983    -0.0005272948543508225

376   -0.000014552360190945657   -0.0005258458520557503

377   -0.000014507231770567557   -0.0005244065897886276

378   -0.000014462368377827269   -0.0005229731826502927

379   -0.000014417757322709633   -0.0005215493601678292

380   -0.000014373406854458126   -0.0005201312990421445
381   -0.000014329304551157293   -0.0005187226704809644

382   -0.000014285458491235774   -0.0005173197114897531

383   -0.000014241856513714535   -0.0005159260361646457

384   -0.000014198506530376264   -0.0005145379405549204

385   -0.000014155396634452938   -0.0005131589828249336

386   -0.000014112534576627563   -0.0005117855168370278

387   -0.000014069908696479989   -0.0005104210459731981

388   -0.000014027526587820808   -0.0005090619807112315

389   -0.000013985376830169312   -0.0005077117707685805

390   -0.000013943466863328743   -0.0005063668820725684
391   -0.000013901785503888152   -0.0005050307117699477

392   -0.000013860340041164347   -0.0005036997800999481

393   -0.00001381911951793583    -0.0005023774326943465

394   -0.000013778131079524035   -0.0005010602430033785

395   -0.000013737363991951923   -0.0004997515061826209

396   -0.000013696825257141643   -0.0004984478478094266

397   -0.000013656504358253723   -0.0004971525135739227

398   -0.000013616408160529422   -0.0004958621801294735

399   -0.000013576526357089845   -0.0004945800446851157

400   -0.000013536865677211403   -0.0004933028339453681
401   -0.000013497416021553127   -0.0004920336975986326

402   -0.000013458183987280376   -0.0004907694113994431

403   -0.000013419159676379915   -0.0004895130784537833

404   -0.000013380349557140594   -0.00048826152259108985

405   -0.000013341743927508157   -0.0004870178012485804

406   -0.00001330334913100428    -0.0004857787853788386

407   -0.00001326515565635534    -0.0004845474876425805

408   -0.000013227169724422093   -0.0004833208251886605

409   -0.000013189382011232072   -0.00048210176676988383

410   -0.00001315179861745827    -0.000480887274827422
411   -0.000013114410401501725   -0.0004796802750556076

412   -0.000013077223348128422   -0.00047847777430302496

413   -0.000013040228492062507   -0.0004772826560363345

414   -0.000013003431704816888   -0.0004760919706497442

415   -0.000012966824195102813   -0.0004749085601892022

416   -0.000012930411722221112   -0.00047372951775580057

417   -0.000012894185664999141   -0.0004725576447634916

418   -0.000012858151673556714   -0.00047139007619920675

419   -0.000012822301292322051   -0.00047022957361668357

420   -0.000012786640065434891   -0.0004690733130879395
421   -0.00001275115969765903    -0.0004679240170581003

422   -0.00001271586563086249    -0.00046677890190235873

423   -0.000012680749726910077   -0.00046564065169297765

424   -0.000012645817325999215   -0.00046450652234487206

425   -0.000012611060444060417   -0.0004633791602752744

426   -0.00001257648432266279    -0.0004622558601928481

427   -0.000012542081127961607   -0.0004611392315604194

428   -0.000012507856004521429   -0.0004600266071540522

429   -0.00001247380126540233    -0.00045892056016653125

430   -0.000012439921960987036   -0.00045781846072897946
431   -0.000012406210546845442   -0.00045672284643476235

432   -0.00001237267198226482    -0.00045563112407518634

433   -0.000012339298862544187   -0.0004545457962974159

434   -0.00001230609605569504    -0.00045346430587648575

435   -0.000012273056295233075   -0.00045238912114970245

436   -0.000012240184360881933   -0.00045131772021311697

437   -0.0000122074731185045     -0.0004502525377206267

438   -0.000012174927262497841   -0.0004491910864406953

439   -0.000012142539790246452   -0.00044813576795299417

440   -0.000012110315311063183   -0.00044708412906694376
441   -0.000012078246949618854   -0.0004460385388841146

442   -0.00001204633923329461    -0.000444996577634685

443   -0.000012014585411420137   -0.00044396058252677305

444   -0.000011982989931074787   -0.00044292816660787733

445   -0.000011951546163536309   -0.0004419016357614373

446   -0.000011920258477188188   -0.00044087863526083413

447   -0.000011889120362153103   -0.00043986144022217766

448   -0.000011858136110100916   -0.00043884772756851604

449   -0.00001182729932751053    -0.0004378397421929629

450   -0.000011796614230645916   -0.0004368351921024528
451   -0.000011766074540555654   -0.0004358362925010479

452   -0.000011735684399663428   -0.00043484078192774025

453   -0.000011705437639876953   -0.0004338508464182817

454   -0.00001167533833201302    -0.0004328642545033629

455   -0.000011645380417514317   -0.0004318831635613923

456   -0.000011615567895423532   -0.00043090537158637916

457   -0.00001158589481412109    -0.00042993300779633873

458   -0.000011556365105042729   -0.00042896389913386386

459   -0.00001152697291937727    -0.0004280001471446605

460   -0.000011497722120861746   -0.00042703960721412955
461   -0.000011468606963677038   -0.0004260843536930863

462   -0.00001143963124557906    -0.0004251322699157588

463   -0.000011410789319612008   -0.0004241854035054534

464   -0.000011382084919356132   -0.0004232416652606343

465   -0.00001135351249587317    -0.00042230307653478986

466   -0.00001132507571903206    -0.00042136757511836604

467   -0.00001129676913498315    -0.0004204371565417446

468   -0.00001126859635241498    -0.0004195097851240224

469   -0.000011240552010738828   -0.0004185874310105242

470   -0.000011212639658167143   -0.00041766808459678856
471   -0.000011184854025231608   -0.00041675369107086873

472   -0.000011157198601202808   -0.0004158422664605844

473   -0.000011129668205791786   -0.0004149357314186908

474   -0.000011102266269905396   -0.00041403212717040913

475   -0.000011074987701662918   -0.0004131333502426996

476   -0.000011047835874926906   -0.0004122374666338235

477   -0.00001102080578335562    -0.00041134634914774223

478   -0.000010993900745091307   -0.00041045808814039943

479   -0.00001096711583748816    -0.00040957453308609686

480   -0.000010940454324373275   -0.0004086937982898703
481   -0.000010913911365816805   -0.0004078177102834327

482   -0.000010887490172033347   -0.00040694440692310086

483   -0.000010861185983216386   -0.00040607569217475

484   -0.000010835001957631321   -0.0004052097270547703

485   -0.000010808933413861475   -0.00040434829333466896

486   -0.000010782983459050075   -0.0004034895748080438

487   -0.000010757147489392192   -0.00040263533141357707

488   -0.000010731428561603453   -0.00040178376934857943

489   -0.000010705822147314812   -0.0004009366270738378

490   -0.000010680331254197994   -0.0004000921328233453
491   -0.000010654951428104587   -0.0003992520039284415

492   -0.000010629685628030544   -0.00039841449029961665

493   -0.00001060452947257488    -0.00039758128848026923

494   -0.000010579485874322456   -0.00039675066970524246

495   -0.000010554550522379004   -0.0003959243100632067

496   -0.000010529726281750957   -0.00039510050176925793

497   -0.000010505008912569356   -0.00039428090078510894

498   -0.000010480401234950942   -0.0003934638199671319

499   -0.000010455899076394103   -0.0003926508954714362

500   -0.000010431505212729735   -0.00039184046046426043
501   -0.000010407215538282948   -0.00039103413161076695

502   -0.000010383032785094034   -0.00039023026206246714

503   -0.000010358952913384654   -0.0003894304493012832

504   -0.000010334978612428851   -0.00038863306614623675

505   -0.000010311105906667232   -0.0003878396911986837

506   -0.000010287337443474913   -0.0003870487166327565

507   -0.000010263669309912843   -0.00038626170246548427

508   -0.000010240104112721665   -0.0003854770599206813

509   -0.000010216638000508117   -0.0003846963307212044

510   -0.000010193273539641556   -0.0003839179448410499
511   -0.00001017000693947838    -0.0003831434259941041

512   -0.000010146840726679224   -0.00038237122261013324

513   -0.000010123771170149463   -0.00038160284067381456

514   -0.000010100800757303267   -0.00038083674678198473

515   -0.000010077925815672048   -0.0003800744294645081

516   -0.000010055148794551442   -0.0003793143732033384

517   -0.000010032466078497938   -0.00037855804934101893

518   -0.000010009880079670873   -0.00037780395996802745

519   -9.987387238341712e-6      -0.0003770535595036621

520   -9.964989930148628e-6      -0.0003763053673744568
521   -9.94268465020286e-6    -0.00037556082133546637

522   -9.92047373841792e-6    -0.0003748184578826667

523   -9.898353744466862e-6   -0.00037407969836078346

524   -9.876326970597338e-6   -0.00037334309607309186

525   -9.854390020826993e-6   -0.000372610056201893

526   -9.832545164326392e-6   -0.00037187914860428863

527   -9.810789054805831e-6   -0.00037115176254298195

528   -9.789123928291813e-6   -0.00037042648417579986

529   -9.767546489447489e-6   -0.00036970468708683035

530   -9.746058940282337e-6   -0.000368984973487627
531   -9.724658036105908e-6   -0.00036826870151886616

532   -9.7033459461055e-6     -0.0003675544892030507

533   -9.682119474051396e-6   -0.00036684367946800475

534   -9.660980757603754e-6   -0.00036613490591069943

535   -9.639926648311181e-6   -0.0003654294964720133

536   -9.618959252311003e-6   -0.000364726100089485

537   -9.598075468346916e-6   -0.0003640260299397776

538   -9.577277371732204e-6   -0.00036332795007234175

539   -9.556561907255868e-6   -0.0003626331591174351

540   -9.535931120066359e-6   -0.00036194033601220785
541   -9.51538200019957e-6    -0.00036125076505414696

542   -9.494916563220008e-6   -0.0003605631398474698

543   -9.474531843297756e-6   -0.00035987873056797065

544   -9.454229826991737e-6   -0.00035919624527013335

545   -9.434007592606666e-6   -0.00035851694021362177

546   -9.413867097634662e-6   -0.0003578395376918469

547   -9.393805462910765e-6   -0.00035716528025044183

548   -9.37382461801769e-6    -0.00035649290421304713

549   -9.353921726230212e-6   -0.00035582363861107365

550   -9.334098689340604e-6   -0.0003551562335927822
551   -9.31435271168237e-6    -0.00035449190487051485

552   -9.294685667916043e-6   -0.00035382941621698677

553   -9.275094803366079e-6   -0.00035316997021686157

554   -9.255581965727842e-6   -0.00035251234407009455

555   -9.23614444012728e-6    -0.00035185772742129357

556   -9.216784048074913e-6   -0.00035120491070444207

557   -9.197498113946195e-6   -0.00035055507081017495

558   -9.178288433489965e-6   -0.0003499070112146667

559   -9.159152369328661e-6   -0.0003492618962360954

560   -9.140091692503098e-6   -0.0003486185422071642
561   -9.121103802390257e-6   -0.00034797810105148736

562   -9.102190445921635e-6   -0.0003473394017743177

563   -9.08334905981253e-6    -0.00034670358408086296

564   -9.06458136584452e-6    -0.0003460694894684313

565   -9.045884837609703e-6   -0.0003454382455948791

566   -9.027261172232834e-6   -0.000344808706273698

567   -9.00870787998565e-6    -0.0003441819872852135

568   -8.990226634298185e-6   -0.0003435569545836584

569   -8.971814980207991e-6   -0.0003429347122382984

570   -8.953474568162056e-6   -0.0003423141381753998
571   -8.935202977409234e-6   -0.00034169632491185746

572   -8.917001835907209e-6   -0.0003410801621794929

573   -8.898868757178533e-6   -0.00034046673110978235

574   -8.880805346490152e-6   -0.00033985493306839295

575   -8.8628092505104e-6     -0.0003392458379590891

576   -8.844882052428995e-6   -0.00033863835862201305

577   -8.827021432358843e-6   -0.00033803355388655875

578   -8.809228951575844e-6   -0.00033743034790905454

579   -8.79150232202054e-6    -0.0003368297885962254

580   -8.773843084059858e-6   -0.0003362308112641312
581   -8.756248980946407e-6   -0.0003356344530477164

582   -8.738721532268425e-6   -0.00033503966026798805

583   -8.721258512784045e-6   -0.00033444745943339506

584   -8.703861421634932e-6   -0.00033385680772120795

585   -8.686528063338282e-6   -0.00033326872115826565

586   -8.669259917165146e-6   -0.00033268216762803184

587   -8.652054818059698e-6   -0.00033209815281848456

588   -8.634914224822898e-6   -0.00033151565517315374

589   -8.617836002992777e-6   -0.00033093567018117285

590   -8.600821590912088e-6   -0.00033035718670219785
591   -8.583868882581174e-6   -0.0003297811901643692

592   -8.566979298383331e-6   -0.00032920667970229875

593   -8.550150761400584e-6   -0.0003286346308178361

594   -8.533384670917926e-6   -0.00032806405278203166

595   -8.516678978946107e-6   -0.00032749591130280673

596   -8.500035068122116e-6   -0.00032692922565285523

597   -8.48345091574497e-6    -0.0003263649518756765

598   -8.466927886829195e-6   -0.00032580211911029344

599   -8.450463986050046e-6   -0.0003252416738663119

600   -8.434060559991896e-6   -0.0003246826550162037
601   -8.417715641101254e-6   -0.00032412599966209554

602   -8.401430557299786e-6   -0.00032357075628070236

603   -8.385203366979148e-6   -0.00032301785269008275

604   -8.369035381622288e-6   -0.0003224663468443228

605   -8.352924685241514e-6   -0.0003219171573992236

606   -8.336872571975986e-6   -0.00032136935166077163

607   -8.320877150675342e-6   -0.00032082383924369995

608   -8.304939699294911e-6   -0.0003202796966816114

609   -8.289058352299566e-6   -0.0003197378246661251

610   -8.273234370014539e-6   -0.00031919730883762774
611   -8.257465911688115e-6   -0.000318659041081315

612   -8.241754221517392e-6   -0.0003181221160244267

613   -8.226097483039033e-6   -0.00031758741685995376

614   -8.210496924367478e-6   -0.00031705404708553186

615   -8.19495075222102e-6    -0.0003165228813137203

616   -8.179460179948339e-6   -0.000315993031797286

617   -8.164023436951248e-6   -0.0003154653646793431

618   -8.148641720974403e-6   -0.0003149390008535145

619   -8.13331328507718e-6    -0.0003144147981035988

620   -8.118039311203894e-6   -0.00031389188585161223
621   -8.102818074965764e-6   -0.0003133711136283875

622   -8.08765074388816e-6    -0.0003128516192756479

623   -8.07253561518794e-6    -0.00031233424417684627

624   -8.05747384156603e-6    -0.0003118181344843291

625   -8.042463743054905e-6   -0.0003113041235385538

626   -8.02750645686979e-6    -0.00031079136569590665

627   -8.01260032447566e-6    -0.00031028068635558897

628   -7.997746469762865e-6   -0.0003097712479742215

629   -7.982943254814284e-6   -0.000309263868109978

630   -7.968191789459916e-6   -0.0003087577172156004
631   -7.953490456359194e-6   -0.0003082536051080075

632   -7.93884035161788e-6    -0.0003077507101352666

633   -7.924239879025529e-6   -0.00030724983446976396

634   -7.909690120726479e-6   -0.0003067501642544777

635   -7.895189499832836e-6   -0.0003062524941141441

636   -7.88073908574104e-6    -0.00030575601788843115

637   -7.86633732217728e-6    -0.0003052615227474508

638   -7.851985264361632e-6   -0.00030476821013166144

639   -7.837681375791528e-6   -0.00030427685985017215

640   -7.823426698436387e-6   -0.0003037866808484959
641   -7.809219715682083e-6   -0.00030329844566619044

642   -7.795061456230261e-6   -0.00030281137065892776

643   -7.780950422516543e-6   -0.00030232622118762687

644   -7.766887630717901e-6   -0.0003018422209273584

645   -7.75287160150957e-6    -0.0003013601281477527

646   -7.738903339625583e-6   -0.00030087917375170876

647   -7.724981382969575e-6   -0.00030040010900566906

648   -7.711106724566731e-6   -0.00029992217195112434

649   -7.697277920569707e-6   -0.00029944610693665986

650   -7.683495951536835e-6   -0.0002989711590547054
651   -7.669759391833759e-6    -0.00029849806582108444

652   -7.656069209963614e-6    -0.00029802607929166065

653   -7.642423997699567e-6    -0.00029755593023272805

654   -7.628824712195113e-6    -0.0002970868775791977

655   -7.615269962218127e-6    -0.0002966196454298978

656   -7.601760693593884e-6    -0.0002961534995128058

657   -7.58829553262681e-6     -0.0002956891573410194

658   -7.574875411454538e-6    -0.00029522589135525277

659   -7.561498975372001e-6    -0.00029476441256059315

660   -7.5481671460257685e-6   -0.00029430400002749505
661   -7.534878583088235e-6    -0.0002938453583327567

662   -7.521634198061042e-6    -0.0002933877730969282

663   -7.5084326670366985e-6   -0.0002929319425453963

664   -7.495274890735005e-6    -0.0002924771587691809

665   -7.482159561203302e-6    -0.0002920241137189684

666   -7.469087568038765e-6    -0.00029157210587789785

667   -7.456057618890954e-6    -0.00029112182099654785

668   -7.44307059380789e-6     -0.0002906725638745486

669   -7.430125215799354e-6    -0.00029022501413613055

670   -7.417222354000401e-6    -0.0002897784828209548
671   -7.404360746165076e-6    -0.00028933364349930437

672   -7.391541252166726e-6    -0.00028888981337718805

673   -7.3787626256654145e-6   -0.0002884476600433542

674   -7.366025714542043e-6    -0.00028800650679575076

675   -7.353329287918396e-6    -0.00028756701531294673

676   -7.340674184729037e-6    -0.00028712851491171975

677   -7.32805918704619e-6     -0.00028669166142982036

678   -7.315485125250795e-6    -0.00028625579013289847

679   -7.302950796411167e-6    -0.00028582155108511365

680   -7.290457019873678e-6    -0.00028538828543227577
681   -7.278002607446529e-6    -0.0002849566375316133

682   -7.265588369211751e-6    -0.0002845259543393443

683   -7.253213130275404e-6    -0.00028409687457420685

684   -7.24087769157219e-6     -0.00028366875093319865

685   -7.2285808923717054e-6   -0.0002832422165621194

686   -7.216323524877856e-6    -0.0002828166298324125

687   -7.204104441070119e-6    -0.0002823926183810332

688   -7.1919244238778166e-6   -0.0002819695461886008

689   -7.179782339402508e-6    -0.0002815480354469669

690   -7.1676789610246396e-6   -0.0002811274556785066
691   -7.155613168541014e-6    -0.0002807084236936854

692   -7.14358572661016e-6     -0.0002802903144946344

693   -7.131595527322677e-6    -0.00027987373957144785

694   -7.119643326237966e-6    -0.00027945807934132285

695   -7.107728029880844e-6    -0.0002790439400351461

696   -7.09585038430311e-6     -0.000278630707422795

697   -7.08400930853714e-6     -0.0002782189825378096

698   -7.0722055402410165e-6   -0.00027780815644079786

699   -7.060438010556622e-6    -0.00027739882502459675

700   -7.0487074505171954e-6   -0.000276990384582605
701   -7.037012801638901e-6    -0.0002765834259250806

702   -7.025354786714246e-6    -0.0002761773505178491

703   -7.013732360323294e-6    -0.00027577274414674143

704   -7.00214623709004e-6     -0.0002753690133897144

705   -6.990595383017502e-6    -0.00027496673906617867

706   -6.979080504795613e-6    -0.00027456533280869006

707   -6.967600580545932e-6    -0.00027416537052524025

708   -6.9561563086932904e-6   -0.0002737662688457678

709   -6.944746679527141e-6    -0.0002733685988221848

710   -6.933372382811751e-6    -0.00027297178202577633
711   -6.92203242043125e-6     -0.00027257638470715856

712   -6.9107274755939865e-6   -0.0002721818333222772

713   -6.899456560022306e-6    -0.0002717886893740602

714   -6.888220350037515e-6    -0.0002713963841487621

715   -6.877017869650735e-6    -0.0002710054744546259

716   -6.865849784641618e-6    -0.0002706153963541403

717   -6.854715131453006e-6    -0.0002702267020135956

718   -6.843614570543797e-6    -0.0002698388322174424

719   -6.832547146649924e-6    -0.0002694523345410578

720   -6.821513513980753e-6    -0.00026906665443944566
721   -6.81051272777022e-6     -0.00026868233494709736

722   -6.799545434716494e-6    -0.0002682988261377797

723   -6.7886107011638495e-6   -0.0002679166665563679

724   -6.777709166216777e-6    -0.0002675353108431156

725   -6.766839906744509e-6    -0.0002671552931016436

726   -6.756003554786898e-6    -0.0002667760724895399

727   -6.745199198259117e-6    -0.0002663981787184411

728   -6.734427461610757e-6    -0.0002660210754128561

729   -6.723687442169997e-6    -0.0002656452879398327

730   -6.7129797585716985e-6   -0.0002652702843420658
731   -6.70230351814298e-6     -0.00026489658569033215

732   -6.691659332494686e-6    -0.0002645236643962816

733   -6.681046318714364e-6    -0.0002641520372806442

734   -6.670465081644395e-6    -0.00026378118107762093

735   -6.659914748700399e-6    -0.0002634116084028968

736   -6.649395917504476e-6    -0.0002630428002660713

737   -6.638907725219851e-6    -0.00026267526512484317

738   -6.628450763612726e-6    -0.0002623084882166978

739   -6.6180241772633696e-6   -0.000261942973884501

740   -6.6076285540173075e-6   -0.0002615782115499806
741   -6.597263047575314e-6    -0.0002612147014868549

742   -6.5869282379942585e-6   -0.0002608519372525545

743   -6.576623289050256e-6    -0.0002604904150956923

744   -6.5663487748393845e-6   -0.00026012963266699556

745   -6.556103866911145e-6    -0.0002597700822323806

746   -6.545889134826176e-6    -0.00025941126549120733

747   -6.535703759052468e-6    -0.00025905367076857147

748   -6.525548301074771e-6    -0.00025869680376990024

749   -6.5154219524476174e-6   -0.00025834114892210716

750   -6.505325267738592e-6    -0.0002579862158929394
751   -6.495257446747884e-6    -0.0002576324852528351

752   -6.4852190394130864e-6   -0.00025727947058927275

753   -6.475209253463637e-6    -0.00025692764865716065

754   -6.4652286324518955e-6   -0.0002565765369226049

755   -6.455276393034507e-6    -0.000256226608364494

756   -6.445353074273371e-6    -0.00025587738428750774

757   -6.435457898810276e-6    -0.0002555293339328398

758   -6.42559140077524e-6     -0.0002551819824026727

759   -6.415752812796293e-6    -0.00025483579524242255

760   -6.405942661972376e-6    -0.0002544903013107481
761   -6.396160189257662e-6   -0.000254145962495312

762   -6.386405915838146e-6   -0.00025380231137124565

763   -6.376679092272044e-6   -0.0002534598062071114

764   -6.366980232929126e-6   -0.0002531179832564113

765   -6.357308595157726e-6   -0.0002527772972047844

766   -6.347664690488253e-6   -0.00025243728794696423

767   -6.338047782547842e-6   -0.00025209840662338706

768   -6.328458377834735e-6   -0.00025176019672982196

769   -6.318895748464411e-6   -0.0002514231058995957

770   -6.309360395162992e-6   -0.0002510866811923009
771   -6.299851597194594e-6    -0.00025075136677033504

772   -6.290369849861569e-6    -0.00025041671321962306

773   -6.280914441519131e-6    -0.00025008316126686847

774   -6.271485861874529e-6    -0.000249750264989392

775   -6.262083405651346e-6    -0.00024941846171245126

776   -6.252707558443584e-6    -0.00024908730896854036

777   -6.2433576218517566e-6   -0.0002487572407173763

778   -6.23403407648013e-6     -0.0002484278179102325

779   -6.224736231307328e-6    -0.00024809947117614514

780   -6.215464562500544e-6    -0.00024777176485023695
781   -6.206218386434212e-6    -0.0002474451262635845

782   -6.1969981732696014e-6   -0.0002471191231015155

783   -6.187803246559147e-6    -0.0002467941794307869

784   -6.178634072343762e-6    -0.00024646986625161105

785   -6.169489980825272e-6    -0.00024614660440133766

786   -6.160371433551169e-6    -0.00024582396816098963

787   -6.151277767297339e-6    -0.00024550237516947506

788   -6.14220943913798e-6     -0.000245181402956601

789   -6.133165792864785e-6    -0.00024486146599471365

790   -6.124147280174598e-6    -0.000244542145029796
791   -6.115153251806276e-6    -0.00024422385139985563

792   -6.106184155866324e-6    -0.00024390616903283735

793   -6.097239349041553e-6    -0.00024358950616706955

794   -6.088319274222531e-6    -0.00024327344987834165

795   -6.07942329557831e-6     -0.0002429584053334168

796   -6.070551851679893e-6    -0.0002426439627287043

797   -6.0617043124889035e-6   -0.00024233052419026814

798   -6.052881112557202e-6    -0.00024201768300132463

799   -6.044081627945203e-6    -0.0002417058382779488

800   -6.035306288928082e-6    -0.00024139458635966907
801   -6.026554478208611e-6    -0.00024108432338330307

802   -6.017826621766149e-6    -0.00024077464871374195

803   -6.009122108221574e-6    -0.0002404659555364469

804   -6.000441359367444e-6    -0.00024015784621343836

805   -5.991783769652315e-6    -0.00023985071100892413

806   -5.9831497577464735e-6   -0.00023954415524967245

807   -5.97453872356853e-6     -0.0002392385663081425

808   -5.965951080908753e-6    -0.00023893355244748756

809   -5.957386236774766e-6    -0.0002386294981769261

810   -5.948844600553444e-6    -0.00023832601466614018
811   -5.940325584432231e-6    -0.0002380234835894335

812   -5.931829594339949e-6    -0.00023772151899382986

813   -5.923356049965105e-6    -0.0002374204997472216

814   -5.914905351150453e-6    -0.00023712004274748443

815   -5.906476923032994e-6    -0.00023682052407997131

816   -5.898071162706379e-6    -0.00023652156346653312

817   -5.8896875003617674e-6   -0.00023622353423907627

818   -5.881326330062819e-6    -0.0002359260589137157

819   -5.872987087275582e-6    -0.0002356295080959627

820   -5.864670161970226e-6    -0.0002353335070693707
821   -5.856374994674809e-6    -0.00023503842373984727

822   -5.848101972486168e-6    -0.00023474388613119632

823   -5.839850541470618e-6    -0.00023445025947522042

824   -5.831621084252063e-6    -0.00023415717450976073

825   -5.823413052961047e-6    -0.0002338649938188581

826   -5.815226826133929e-6    -0.00023357335082711404

827   -5.807061862246988e-6    -0.0002332826054958929

828   -5.798918533805296e-6    -0.00023299239391332243

829   -5.790796305757197e-6    -0.00023270307344213541

830   -5.7826955493058945e-6   -0.0002324142828043217
831   -5.774615731420485e-6   -0.00023212637679302463

832   -5.766557221030196e-6   -0.00023183899674007315

833   -5.758519490993832e-6   -0.00023155249488991398

834   -5.750502904498627e-6   -0.00023126651516071123

835   -5.742506942466754e-6   -0.00023098140727285176

836   -5.7345319636866e-6     -0.00023069681770489372

837   -5.726577451598631e-6   -0.0002304130936790243

838   -5.71864376433756e-6    -0.00023012988420843973

839   -5.710730389138844e-6   -0.00022984753404035917

840   -5.70283768149995e-6    -0.00022956569469972154
841   -5.694965133668275e-6   -0.0002292847084817738

842   -5.687113096715851e-6   -0.00022900422939942363

843   -5.679281068241994e-6   -0.0002287245973186648

844   -5.67146939598174e-6    -0.00022844546871688003

845   -5.663677582381047e-6   -0.00022816718105406574

846   -5.655905972440539e-6   -0.00022788939324860653

847   -5.648154072757448e-6   -0.00022761244037706042

848   -5.640422225123485e-6   -0.00022733598377559176

849   -5.632709940924247e-6   -0.00022706035616038085

850   -5.625017558914786e-6   -0.00022678522126173516
851   -5.617344594467832e-6    -0.00022651090945776577

852   -5.6096913838427466e-6   -0.00022623708685140374

853   -5.602057447117566e-6    -0.0002259640815027788

854   -5.594443116255386e-6    -0.00022569156186589783

855   -5.586847917870251e-6    -0.0002254198537059289

856   -5.579272179715905e-6    -0.00022514862780428533

857   -5.571715432024388e-6    -0.00022487820765282522

858   -5.564178000439998e-6    -0.00022460826633899098

859   -5.556659419491368e-6    -0.00022433912510188352

860   -5.5491600118253075e-6   -0.00022407045931464493
861   -5.541679316956441e-6    -0.00022380258798313147

862   -5.5342176536604204e-6   -0.0002235351887457519

863   -5.526774565702963e-6    -0.0002232685783957138

864   -5.519350369335567e-6    -0.00022300243681375138

865   -5.511944612289569e-6    -0.00022273707860403754

866   -5.504557608338836e-6    -0.00022247218586862337

867   -5.4971889089555155e-6   -0.000222208071040494

868   -5.489838825664065e-6    -0.00022194441842253822

869   -5.482506913646258e-6    -0.00022168153829794473

870   -5.475193481457893e-6    -0.00022141911715043913
871   -5.46789808876633e-6     -0.00022115746313214248

872   -5.460621041121017e-6    -0.00022089626488802291

873   -5.4533619022366824e-6   -0.00022063582845792493

874   -5.446120974625629e-6    -0.00022037584462872872

875   -5.438897826438519e-6    -0.00022011661734811327

876   -5.431692757649423e-6    -0.00021985783952357808

877   -5.42450534005822e-6     -0.0002195998130302747

878   -5.4173358708152714e-6   -0.00021934223287784814

879   -5.410183925546304e-6    -0.00021908539888719023

880   -5.4030497993097215e-6   -0.0002188290081510841
881   -5.395933070734859e-6    -0.0002185733584530548

882   -5.388834032698222e-6    -0.0002183181489514096

883   -5.381752268263157e-6    -0.00021806367541288505

884   -5.374688067172567e-6    -0.00021780963904013964

885   -5.367641015516725e-6    -0.00021755633360044503

886   -5.3606114013513155e-6   -0.00021730346232393124

887   -5.353598814900936e-6    -0.0002170513169967043

888   -5.3466035403332375e-6   -0.0002167996028572336

889   -5.3396251726633885e-6   -0.00021654860972835692

890   -5.3326639935393075e-6   -0.00021629804483862313
891   -5.3257196006745275e-6   -0.00021604819606542574

892   -5.31879227431015e-6     -0.00021579877260948505

893   -5.31188161531507e-6     -0.0002155500604197839

894   -5.304987901080934e-6    -0.00021530177065276748

895   -5.298110736438562e-6    -0.00021505418734503695

896   -5.291250396239814e-6    -0.00021480702359083717

897   -5.2844064894613965e-6   -0.00021456056153279344

898   -5.277579287588325e-6    -0.00021431451618523966

899   -5.270768403356973e-6    -0.000214069167812603

900   -5.263974106583361e-6    -0.0002138242333329491
901   -5.257196012541903e-6    -0.00021357999114971857

902   -5.250434388830168e-6    -0.0002133361600671637

903   -5.243688854528005e-6    -0.00021309301664368724

904   -5.236959675260665e-6    -0.0002128502815535515

905   -5.2302464725640896e-6   -0.00021260822952742428

906   -5.223549509622555e-6    -0.00021236658309137086

907   -5.216868412373978e-6    -0.00021212561516439422

908   -5.2102034412384895e-6   -0.00021188505010947338

909   -5.2035542248548566e-6   -0.0002116451590489855

910   -5.196921021879342e-6    -0.00021140566816642452
911   -5.190303464739011e-6    -0.00021116684680375067

912   -5.183701809418611e-6    -0.00021092842294859058

913   -5.177115691377016e-6    -0.00021069066417787367

914   -5.170545364710454e-6    -0.00021045330026822815

915   -5.163990467636557e-6    -0.0002102165970468778

916   -5.157451252288829e-6    -0.0002099802860633543

917   -5.150927360345827e-6    -0.00020974463141018872

918   -5.144419041190233e-6    -0.00020950936639515513

919   -5.1379259401409175e-6   -0.0002092747533907174

920   -5.131448304382906e-6    -0.00020904052744704187
921   -5.124985782287017e-6   -0.0002088069492325576

922   -5.118538618888276e-6   -0.00020857375552401521

923   -5.112106465199737e-6   -0.0002083412053001196

924   -5.105689564417717e-6   -0.00020810903705007622

925   -5.099287571144971e-6   -0.00020787750807706542

926   -5.09290072619387e-6    -0.00020764635856787848

927   -5.086528686410759e-6   -0.00020741584416436235

928   -5.080171691417094e-6   -0.00020718570673639925

929   -5.073829401022323e-6   -0.0002069562002797613

930   -5.067502052107572e-6   -0.00020672706833150354
931   -5.061189308597888e-6   -0.0002064985632558175

932   -5.054891404371992e-6   -0.0002062704302433292

933   -5.048608005944238e-6   -0.00020604292003929389

934   -5.042339346423057e-6   -0.00020581577947453226

935   -5.036085094412043e-6   -0.0002055892576896251

936   -5.029845480982291e-6   -0.0002053631031404737

937   -5.023620177901594e-6   -0.00020513756337720286

938   -5.017409414514447e-6   -0.000204912388467188

939   -5.011212864924019e-6   -0.00020468782438323407

940   -5.005030756191544e-6   -0.00020446362279088906
941   -4.998862766162724e-6    -0.00020424002809835932

942   -4.9927091195699755e-6   -0.0002040167935558935

943   -4.9865694968953826e-6   -0.00020379416202036304

944   -4.9804441212163424e-6   -0.00020357188831303814

945   -4.97433267531739e-6     -0.0002033502137537786

946   -4.968235380588597e-6    -0.00020312889472090905

947   -4.9621519227854354e-6   -0.00020290817100976133

948   -4.9560825214690185e-6   -0.00020268780054247392

949   -4.950026864455275e-6    -0.00020246802160267237

950   -4.943985169886288e-6    -0.00020224859364439499
951   -4.937957128419363e-6    -0.0002020297534513854

952   -4.9319429561264626e-6   -0.00020181126199665195

953   -4.925942346120572e-6    -0.00020159335457700965

954   -4.9199555130718786e-6   -0.0002013757936705571

955   -4.913982152845706e-6    -0.00020115881310040092

956   -4.908022477501811e-6    -0.00020094217683838737

957   -4.902076185571579e-6    -0.0002007261172448752

958   -4.896143488135064e-6    -0.0002005103997721501

959   -4.890224085946796e-6    -0.00020029525533129313

960   -4.884318188230329e-6    -0.00020008045084287228
961   -4.8784254979313816e-6   -0.00019986621577920428

962   -4.8725462229137644e-6   -0.0001996523185176636

963   -4.8666800688159016e-6   -0.00019943898710483417

964   -4.860827241365704e-6    -0.00019922599136168903

965   -4.854987448791592e-6    -0.00019901355792103693

966   -4.849160895364484e-6    -0.00019880145803521915

967   -4.843347291604206e-6    -0.0001985899169350214

968   -4.837546839626727e-6    -0.0001983787072928498

969   -4.8317592531725655e-6   -0.00019816805294841297

970   -4.8259847321880025e-6   -0.00019795772798292033
971   -4.820222992733712e-6    -0.00019774795485602272

972   -4.814474233414282e-6    -0.0001975385090461368

973   -4.808738172369897e-6    -0.00019732961164487756

974   -4.8030150071253206e-6   -0.00019712103951539904

975   -4.797304457763546e-6    -0.00019691301239274067

976   -4.791606719923561e-6    -0.00019670530851382767

977   -4.785921516222672e-6    -0.00019649814626761312

978   -4.780249041212192e-6    -0.0001962913052540312

979   -4.774589019140601e-6    -0.00019608500252716219

980   -4.76894164275186e-6     -0.00019587901903815494
981   -4.763306639534743e-6    -0.00019567357051727887

982   -4.757684200158032e-6    -0.00019546843925614618

983   -4.752074054289317e-6    -0.00019526383967132324

984   -4.746476390988414e-6    -0.00019505955538441544

985   -4.740890941968058e-6    -0.00019485579950921016

986   -4.735317895416013e-6    -0.00019465235698613663

987   -4.72975698498092e-6     -0.00019444943963654965

988   -4.7242083969450855e-6   -0.0001942468337091606

989   -4.718671867194168e-6    -0.00019404474974389928

990   -4.7131475808193604e-6   -0.00019384297528633022
991    -4.7076352764739066e-6   -0.00019364171960542802

992    -4.702135136715367e-6    -0.0001934407715337567

993    -4.696646902065372e-6    -0.00019324033907890134

994    -4.691170754433882e-6    -0.00019304021235016402

995    -4.685706436625462e-6    -0.00019284059810397778

996    -4.680254128512937e-6    -0.0001926412877160994

997    -4.674813574952148e-6    -0.0001924424867018977

998    -4.669384954785123e-6    -0.0001922439876933002

999    -4.663968014885454e-6    -0.00019204599497455745

1000   -4.658562932390288e-6    -0.00019184830242377086